0.010205252006282844 1.87778
0.009727522414969584 1.81889
0.009743091762325361 1.82081
0.009900328531505919 1.8402
0.009877153873704051 1.83734
0.009827764177212912 1.83125
0.01003693102279891 1.85704
0.009976624697705955 1.8496
0.010144187116593635 1.87026
0.010077121575101124 1.86199
0.01001983284212279 1.85493
0.00969801247662453 1.81525
0.010081275660737176 1.8625
0.009897359352003776 1.83983
0.009996630384856637 1.85207
0.009968560648229895 1.84861
0.010201302957576442 1.87729
0.009839482717995604 1.8327
0.009785336727855351 1.82602
0.009780396104097852 1.82541
0.00993990736330204 1.84508
0.010089755549887388 1.86355
0.010137121893209497 1.86939
0.01031544167001759 1.89136
0.009789314736575062 1.82651
0.010204731328284752 1.87772
0.009623332692737506 1.80604
0.009768044670560225 1.82389
0.010307196560951552 1.89034
0.009756908541171432 1.82251
0.010205395601097678 1.8778
0.010117056512594138 1.86691
0.010271756122210174 1.88598
0.010209915391152341 1.87836
0.009971130286345001 1.84893
0.009732531893307007 1.81951
0.010077404290089331 1.86203
0.009797975428835967 1.82758
0.010273293420516067 1.88617
0.009906960840770323 1.84102
0.010209114456476395 1.87826
0.010389285000926746 1.90046
0.00956870520213619 1.7993
0.010060896653792272 1.85999
0.010022308004853873 1.85523
0.010090097576365342 1.86359
0.009668075902243028 1.81156
0.00991434944374492 1.84193
0.0099968739688902 1.8521
0.009707541261361028 1.81643
0.01023117478210934 1.88098
0.009902979546017853 1.84052
0.010335214591020069 1.89379
0.00998263641931281 1.85034
0.010003470510831442 1.85291
0.010124478397039526 1.86783
0.009633369435873016 1.80728
0.010229311223273651 1.88075
0.010229248945623578 1.88074
0.009774358530752932 1.82467
0.01016994930605413 1.87343
0.010031524546676194 1.85637
0.009996222583886083 1.85202
0.009834131373081194 1.83204
0.01030030562569761 1.88949
0.009544850314275941 1.79636
0.009980535210153872 1.85009
0.009732717667776117 1.81953
0.010083897523959445 1.86283
0.009884093841697313 1.8382
0.009866174779246634 1.83599
0.00981046653019057 1.82912
0.00979341709619341 1.82702
0.010513276323727224 1.91573
0.01001583287392931 1.85444
0.010082945528956012 1.86271
0.010088686326031748 1.86342
0.009998102543393434 1.85225
0.010144095608569572 1.87024
0.010146714487831039 1.87057
0.010262968648703677 1.88489
0.01019374432338558 1.87636
0.01020210135507346 1.87739
0.009877039837176098 1.83733
0.010325937520805063 1.89265
0.010297911298963252 1.8892
0.010176002251263815 1.87418
0.009782337302855885 1.82565
0.010741885962444317 1.94389
0.009798984032104637 1.8277
0.010060978177346726 1.86
0.009926330642182717 1.8434
0.010214619794244715 1.87894
0.010478206963054428 1.91141
0.010025742883597933 1.85566
0.009963288215650878 1.84796
0.009658164470454563 1.81034
0.009724097303002948 1.81847
0.010195786441276965 1.87661
0.009919678353634324 1.84258

